Поисковый запрос: ноутбук
Найдено товаров: 100
ID товаров:
523406738
439305744
505081695
505081703
446612977
258555240
270762735
444482337
281414412
505081699
239481220
438895804
301518324
278357559
398189568
492869995
435505849
505091118
320755039
391724608
418608412
274135825
390994452
385149065
293986771
256267836
428848230
271469851
453198190
188084589
224511097
461491202
388705023
430991909
505091117
430872169
378541044
270764754
421897530
207883004
489270135
441386433
196048385
397578398
324538649
265248445
261080153
410061796
284082008
274174984
399294537
505091119
378796319
158958788
251060877
303759020
419950423
207883005
398125381
438911003
382750551
386269393
244236325
318450959
227544788
427656977
412744427
253430979
388037374
388705025
494745600
256078138
320755054
403423124
390994866
471180285
246349531
325800303
293388568
387373677
505091115
314323655
391050197
295512489
293388569
390144701
275038369
231752330
402565779
388705024
274174985
506128101
282998448
435552477
304863159
168445058
274306729
377421067
301517882
437637238
